a 1 1 1.0051098334935338
bundle.js:41886 2 2 1.0613364632445383
bundle.js:41886 3 3 1.061501757190708
bundle.js:41886 4 4 1.0691011233293384
bundle.js:41886 5 5 1.0705180414110447
bundle.js:41886 6 6 1.1713873912213943
bundle.js:41886 7 7 1.2800554013770158
bundle.js:41886 8 8 1.2970305032092138
bundle.js:41886 9 9 1.3172885844163882
bundle.js:41886 10 10 1.3253882566457225
bundle.js:41886 11 11 1.3451992090557794
bundle.js:41886 12 12 1.4075618713133151
bundle.js:41886 13 13 1.4290238383231733
bundle.js:41886 14 14 1.4526241652309306
bundle.js:41886 15 15 1.5099677555663642
bundle.js:41886 16 16 1.5310188203353068
bundle.js:41886 17 17 1.5626298259227136
bundle.js:41886 18 18 1.638518451031682
bundle.js:41886 19 19 1.6719432877041167
bundle.js:41886 20 20 1.8614832762410092
bundle.js:41886 21 21 1.8678160080966058
bundle.js:41886 22 22 1.8846062737060294
bundle.js:41886 23 23 1.9064036925367387
bundle.js:41886 24 24 1.953308007333408
bundle.js:41886 25 25 1.9801609699564153
bundle.js:41886 26 26 1.9932362508442911
bundle.js:41886 27 26 2.0223732547729925
bundle.js:41886 28 26 2.0772133601106333
bundle.js:41886 29 26 2.1012982847039043
bundle.js:41886 30 27 2.139991134248035
bundle.js:41886 31 27 2.184527830483156
bundle.js:41886 32 28 2.197483377336683
bundle.js:41886 33 29 2.2597655523650473
bundle.js:41886 34 30 2.3101467394804995
bundle.js:41886 35 30 2.351198972960681
bundle.js:41886 36 30 2.381691895322607
bundle.js:41886 37 29 2.404530350870212
bundle.js:41886 38 29 2.407579019311947
bundle.js:41886 39 30 2.484879227264371
bundle.js:41886 40 30 2.499050251411787
bundle.js:41886 41 31 2.5007288424935084
bundle.js:41886 42 30 2.5021334654227783
bundle.js:41886 43 31 2.5024455153353853
bundle.js:41886 44 32 2.509647172006853
bundle.js:41886 45 33 2.5741761558516125
bundle.js:41886 46 33 2.745878441588715
bundle.js:41886 47 33 2.7670359742854878
bundle.js:41886 48 34 2.774029522610526
bundle.js:41886 49 35 2.8124586897317
bundle.js:41886 50 36 2.858656956345461
bundle.js:41886 51 36 2.8627269302655307
bundle.js:41886 52 36 2.880985170371301
bundle.js:41886 53 36 2.8975667315735025
bundle.js:41886 54 37 2.901958633728919
bundle.js:41886 55 37 2.903062741866382
bundle.js:41886 56 37 2.9929423052694117
bundle.js:41886 57 37 3.0356298710918868
bundle.js:41886 58 37 3.0409586346914677
bundle.js:41886 59 37 3.0729449546369283
bundle.js:41886 60 38 3.1133058682416386
bundle.js:41886 61 39 3.2065151418903515
bundle.js:41886 62 39 3.2445317313917914
bundle.js:41886 63 39 3.2764325662491016
bundle.js:41886 64 39 3.3573516921800683
bundle.js:41886 65 39 3.4115245514031134
bundle.js:41886 66 40 3.42324284760919
bundle.js:41886 67 41 3.433687713288807
bundle.js:41886 68 42 3.4405966852462324
bundle.js:41886 69 43 3.540605625020252
bundle.js:41886 70 42 3.6046565237222996
bundle.js:41886 71 41 3.6323533308906453
bundle.js:41886 72 41 3.6757517454400737
bundle.js:41886 73 41 3.682672803890072
bundle.js:41886 74 42 3.71520349771144
bundle.js:41886 75 42 3.7177416125478144
bundle.js:41886 76 43 3.7391615999467795
bundle.js:41886 77 43 3.757589384231138
bundle.js:41886 78 43 3.7815575809946904
bundle.js:41886 79 43 3.937224363428278
bundle.js:41886 80 42 3.942093671679105
bundle.js:41886 81 43 3.98859743346343
bundle.js:41886 82 43 4.011939976015793
bundle.js:41886 83 43 4.086885707368426
bundle.js:41886 84 44 4.11215904623092
bundle.js:41886 85 45 4.1835356213735535
bundle.js:41886 86 46 4.205468871419303
bundle.js:41886 87 47 4.219306034624116
bundle.js:41886 88 47 4.228828108193222
bundle.js:41886 89 46 4.257537763219528
bundle.js:41886 90 47 4.277033828975522
bundle.js:41886 91 47 4.4065745451267
bundle.js:41886 92 47 4.455529640669182
bundle.js:41886 93 47 4.467220714551359
bundle.js:41886 94 47 4.475313508156741
bundle.js:41886 95 47 4.486312598494176
bundle.js:41886 96 48 4.523584400416393
bundle.js:41886 97 47 4.55776067669462
bundle.js:41886 98 48 4.561398444239586
bundle.js:41886 99 48 4.562197271504875
bundle.js:41886 100 49 4.571877315511742
bundle.js:41886 101 49 4.664456379425903
bundle.js:41886 102 49 4.679358611436942
bundle.js:41886 103 49 4.727328185212791
bundle.js:41886 104 49 4.743993008731154
bundle.js:41886 105 49 4.749643600628343
bundle.js:41886 106 49 4.74996317472602
bundle.js:41886 107 49 4.822407558382383
bundle.js:41886 108 49 4.856538838728721
bundle.js:41886 109 50 4.897613705246653
bundle.js:41886 110 51 4.906262587512408
bundle.js:41886 111 52 4.917100285198416
bundle.js:41886 112 51 4.926652613971277
bundle.js:41886 113 51 4.92706837046564
bundle.js:41886 114 51 5.058575626318958
bundle.js:41886 115 52 5.091377465617026
bundle.js:41886 116 52 5.108488334635885
bundle.js:41886 117 51 5.201593382132831
bundle.js:41886 118 51 5.208679420494022
bundle.js:41886 119 51 5.30204291571814
bundle.js:41886 120 51 5.313301307058665
bundle.js:41886 121 51 5.360905383457824
bundle.js:41886 122 51 5.379586473285376
bundle.js:41886 123 51 5.381928621536834
bundle.js:41886 124 52 5.502647315351521
bundle.js:41886 125 52 5.507748968493173
bundle.js:41886 126 52 5.5139804186245645
bundle.js:41886 127 52 5.562868799409727
bundle.js:41886 128 52 5.672282688611471
bundle.js:41886 129 52 5.709064656515279
bundle.js:41886 130 53 5.7128739159236375
bundle.js:41886 131 53 5.71597391727799
bundle.js:41886 132 52 5.741444772828802
bundle.js:41886 133 51 5.753058003525332
bundle.js:41886 134 51 5.762439638728579
bundle.js:41886 135 52 5.811773399556387
bundle.js:41886 136 52 5.896757311644188
bundle.js:41886 137 52 5.9115449107244755
bundle.js:41886 138 51 5.967037614927336
bundle.js:41886 139 50 6.067092747041252
bundle.js:41886 140 49 6.126604331007103
bundle.js:41886 141 50 6.157053667007843
bundle.js:41886 142 50 6.179481344168406
bundle.js:41886 143 49 6.2052415553454825
bundle.js:41886 144 49 6.209502702706128
bundle.js:41886 145 49 6.359753891063636
bundle.js:41886 146 49 6.375102526928851
bundle.js:41886 147 50 6.409983050499268
bundle.js:41886 148 50 6.51575756949887
bundle.js:41886 149 50 6.632237668046106
bundle.js:41886 150 50 6.6397891341392725
bundle.js:41886 151 49 6.733359178705466
bundle.js:41886 152 48 6.7391090276130345
bundle.js:41886 153 47 6.776188196076022
bundle.js:41886 154 47 6.791452124289123
bundle.js:41886 155 47 6.861023642060377
bundle.js:41886 156 46 6.864184587748925
bundle.js:41886 157 47 7.002153380294831
bundle.js:41886 158 48 7.015545196685431
bundle.js:41886 159 48 7.02278147013829
bundle.js:41886 160 49 7.105352863981528
bundle.js:41886 161 48 7.112706266664159
bundle.js:41886 162 48 7.121090225768242
bundle.js:41886 163 49 7.181978607918746
bundle.js:41886 164 49 7.448516257960155
bundle.js:41886 165 49 7.453143690541231
bundle.js:41886 166 49 7.535645973300363
bundle.js:41886 167 49 7.586546544723611
bundle.js:41886 168 49 7.586713391335757
bundle.js:41886 169 49 7.600066123293912
bundle.js:41886 170 48 7.638041730812232
bundle.js:41886 171 48 7.694271446367857
bundle.js:41886 172 48 7.730418961888994
bundle.js:41886 173 49 7.792845018974301
bundle.js:41886 174 49 7.855939539866232
bundle.js:41886 175 50 7.905838413170858
bundle.js:41886 176 50 7.917767179811231
bundle.js:41886 177 50 7.962711778697884
bundle.js:41886 178 50 7.967257261408465
bundle.js:41886 179 50 8.074844907267247
bundle.js:41886 180 49 8.162042340906217
bundle.js:41886 181 49 8.181156654765022
bundle.js:41886 182 49 8.191933899482779
bundle.js:41886 183 48 8.192033798282573
bundle.js:41886 184 48 8.262670103331887
bundle.js:41886 185 47 8.361588675401526
bundle.js:41886 186 47 8.396357113159599
bundle.js:41886 187 47 8.398361316314814
bundle.js:41886 188 48 8.446719711799933
bundle.js:41886 189 48 8.49465433521793
bundle.js:41886 190 48 8.52851863326204
bundle.js:41886 191 47 8.537326952172682
bundle.js:41886 192 47 8.54304621225351
bundle.js:41886 193 47 8.563579532585152
bundle.js:41886 194 47 8.57921951197079
bundle.js:41886 195 47 8.728276587507295
bundle.js:41886 196 46 8.76458611229383
bundle.js:41886 197 47 8.827144884546689
bundle.js:41886 198 47 8.834029833619287
bundle.js:41886 199 47 8.883615624229536
bundle.js:41886 200 48 8.890322683991274
bundle.js:41886 201 48 8.902926794117244
bundle.js:41886 202 48 8.904016213579006
bundle.js:41886 203 47 8.934839808346501
bundle.js:41886 204 47 8.995900999165501
bundle.js:41886 205 46 9.013383893496735
bundle.js:41886 206 47 9.022131938262381
bundle.js:41886 207 46 9.03369775029802
bundle.js:41886 208 45 9.090967501943348
bundle.js:41886 209 46 9.128363765088203
bundle.js:41886 210 45 9.255214391759283
bundle.js:41886 211 46 9.464649109168265
bundle.js:41886 212 46 9.481798838016205
bundle.js:41886 213 46 9.52164333583451
bundle.js:41886 214 45 9.532967575342186
bundle.js:41886 215 45 9.549920203425202
bundle.js:41886 216 45 9.555856996899864
bundle.js:41886 217 44 9.556359272289255
bundle.js:41886 218 44 9.615962948516145
bundle.js:41886 219 44 9.62142339663778
bundle.js:41886 220 44 9.624465949144032
bundle.js:41886 221 45 9.626733322173802
bundle.js:41886 222 45 9.688326323539378
bundle.js:41886 223 44 9.774787671807726
bundle.js:41886 224 44 9.782872801706526
bundle.js:41886 225 45 9.790890296668346
bundle.js:41886 226 46 9.833096739484604
bundle.js:41886 227 47 9.864261256077256
bundle.js:41886 228 48 9.923025184765663
bundle.js:41886 229 47 9.923497826113033
bundle.js:41886 230 46 9.924682402596607
bundle.js:41886 231 47 9.940999469637541
bundle.js:41886 232 47 10.032468408825551
bundle.js:41886 233 47 10.034413466634607
bundle.js:41886 234 47 10.039028259470287
bundle.js:41886 235 47 10.062989467211716
bundle.js:41886 236 48 10.104582804446826
bundle.js:41886 237 49 10.117793535403575
bundle.js:41886 238 50 10.209719081855136
bundle.js:41886 239 50 10.238204811609256
bundle.js:41886 240 50 10.285591260770396
bundle.js:41886 241 49 10.294878192368413
bundle.js:41886 242 49 10.339292962046871
bundle.js:41886 243 49 10.357072080686493
bundle.js:41886 244 50 10.372385895481678
bundle.js:41886 245 49 10.503692720550944
bundle.js:41886 246 49 10.50884645635104
bundle.js:41886 247 50 10.509983054400427
bundle.js:41886 248 50 10.536498719916288
bundle.js:41886 249 51 10.54680076705005
bundle.js:41886 250 50 10.62601976033596
bundle.js:41886 251 49 10.63906508189771
bundle.js:41886 252 50 10.6472419735323
bundle.js:41886 253 50 10.649236936548508
bundle.js:41886 254 50 10.664536961311793
bundle.js:41886 255 50 10.69718787557424
bundle.js:41886 256 51 10.754899963213578
bundle.js:41886 257 50 10.773521074737758
bundle.js:41886 258 50 10.824136465040377
bundle.js:41886 259 50 10.838269735367524
bundle.js:41886 260 49 10.87013619232944
bundle.js:41886 261 49 10.896103005290875
bundle.js:41886 262 49 10.949888068661195
bundle.js:41886 263 50 10.962730298462684
bundle.js:41886 264 51 10.988957961673652
bundle.js:41886 265 52 11.014617036182758
bundle.js:41886 266 52 11.025068752287865
bundle.js:41886 267 53 11.072825907546733
bundle.js:41886 268 53 11.076242265676164
bundle.js:41886 269 53 11.077565175161192
bundle.js:41886 270 52 11.07805990191214
bundle.js:41886 271 52 11.083345654489493
bundle.js:41886 272 53 11.115113909321567
bundle.js:41886 273 54 11.117405484830032
bundle.js:41886 274 55 11.171400087206221
bundle.js:41886 275 56 11.172027774454303
bundle.js:41886 276 55 11.174035273360758
bundle.js:41886 277 54 11.190366081405967
bundle.js:41886 278 54 11.19055520266853
bundle.js:41886 279 55 11.233975819901547
bundle.js:41886 280 56 11.284705755609982
bundle.js:41886 281 57 11.299452423093905
bundle.js:41886 282 57 11.305837312090176
bundle.js:41886 283 57 11.352098874256782
bundle.js:41886 284 57 11.35426176830727
bundle.js:41886 285 57 11.354301140638164
bundle.js:41886 286 57 11.426771439588055
bundle.js:41886 287 58 11.428318069085716
bundle.js:41886 288 58 11.430982741374182
bundle.js:41886 289 59 11.43508722877954
bundle.js:41886 290 60 11.444151698047987
bundle.js:41886 291 61 11.471826007753364
bundle.js:41886 292 61 11.475025565603865
bundle.js:41886 293 61 11.482124334887923
bundle.js:41886 294 62 11.486434850672193
bundle.js:41886 295 63 11.520107378868477
bundle.js:41886 296 63 11.52942921742607
bundle.js:41886 297 63 11.546815223114821
bundle.js:41886 298 63 11.595039237845587
bundle.js:41886 299 64 11.605567078475355
bundle.js:41886 300 65 11.628441309982644
bundle.js:41886 301 66 11.633602934746682
bundle.js:41886 302 65 11.647433003508587
bundle.js:41886 303 65 11.667585045172467
bundle.js:41886 304 66 11.679533389042927
bundle.js:41886 305 66 11.69135479774251
bundle.js:41886 306 66 11.692654486690984
bundle.js:41886 307 66 11.710225269264791
bundle.js:41886 308 66 11.712022421103029
bundle.js:41886 309 66 11.770942171359334
bundle.js:41886 310 67 11.777524234445536
bundle.js:41886 311 67 11.8094207750704
bundle.js:41886 312 66 11.815188131053784
bundle.js:41886 313 67 11.818792242273034
bundle.js:41886 314 68 11.83922474185161
bundle.js:41886 315 69 11.851433468938662
bundle.js:41886 316 69 11.863689606654086
bundle.js:41886 317 70 11.906920234446114
bundle.js:41886 318 70 11.928525328460713
bundle.js:41886 319 70 11.971755376062944
bundle.js:41886 320 71 11.989787284203524
bundle.js:41886 321 71 12.00655649833667
bundle.js:41886 322 71 12.010009208768167
bundle.js:41886 323 72 12.010127557434693
bundle.js:41886 324 73 12.058105658871655
bundle.js:41886 325 73 12.063212185384925
bundle.js:41886 326 73 12.066171427635744
bundle.js:41886 327 73 12.093860919446206
bundle.js:41886 328 74 12.098060454446248
bundle.js:41886 329 75 12.110243661959066
bundle.js:41886 330 75 12.11294088729078
bundle.js:41886 331 76 12.147100003007115
bundle.js:41886 332 76 12.172682388120995
bundle.js:41886 333 76 12.231958396281978
bundle.js:41886 334 75 12.237227784668509
bundle.js:41886 335 76 12.248542440010437
bundle.js:41886 336 77 12.26757375905478
bundle.js:41886 337 77 12.288350024828354
bundle.js:41886 338 77 12.303503146330446
bundle.js:41886 339 77 12.351489888704377
bundle.js:41886 340 77 12.374626539277632
bundle.js:41886 341 76 12.385117239084028
bundle.js:41886 342 75 12.3853076830781
bundle.js:41886 343 76 12.4106607413669
bundle.js:41886 344 77 12.419485930363408
bundle.js:41886 345 77 12.44650445291814
bundle.js:41886 346 77 12.448696925698215
bundle.js:41886 347 78 12.461318395461644
bundle.js:41886 348 77 12.466199791445277
bundle.js:41886 349 78 12.481840947972586
bundle.js:41886 350 78 12.529461789577775
bundle.js:41886 351 78 12.539221056017647
bundle.js:41886 352 78 12.541442172237677
bundle.js:41886 353 77 12.559741922828545
bundle.js:41886 354 77 12.605636160939477
bundle.js:41886 355 77 12.610039749911675
bundle.js:41886 356 77 12.62059437578881
bundle.js:41886 357 78 12.67360373057772
bundle.js:41886 358 78 12.682142911895966
bundle.js:41886 359 79 12.68229767441852
bundle.js:41886 360 80 12.690495889750053
bundle.js:41886 361 81 12.701234971402648
bundle.js:41886 362 81 12.760931714831376
bundle.js:41886 363 81 12.770660172378898
bundle.js:41886 364 81 12.782413939257994
bundle.js:41886 365 81 12.797124328057485
bundle.js:41886 366 81 12.8102979728869
bundle.js:41886 367 82 12.824343057631069
bundle.js:41886 368 83 12.8279582509165
bundle.js:41886 369 84 12.847669409209718
bundle.js:41886 370 84 12.886270447043747
bundle.js:41886 371 84 12.89793190274456
bundle.js:41886 372 84 12.903838056302115
bundle.js:41886 373 85 12.914505659891297
bundle.js:41886 374 84 12.928735487055935
bundle.js:41886 375 84 12.934274608577368
bundle.js:41886 376 83 12.942969982403499
bundle.js:41886 377 83 12.949454376940913
bundle.js:41886 378 84 12.96159490805389
bundle.js:41886 379 84 12.962448307224246
bundle.js:41886 380 84 12.968786701647176
bundle.js:41886 381 85 12.971212455973232
bundle.js:41886 382 85 12.983562942655352
bundle.js:41886 383 85 12.996903085258781
bundle.js:41886 384 86 13.010758975163741
bundle.js:41886 385 85 13.011257539106287
bundle.js:41886 386 86 13.011729231914169
bundle.js:41886 387 86 13.054346259458042
bundle.js:41886 388 86 13.094267906030218
bundle.js:41886 389 87 13.120018696715384
bundle.js:41886 390 88 13.133042015652437
bundle.js:41886 391 89 13.139700870500246
bundle.js:41886 392 89 13.144036786699008
bundle.js:41886 393 90 13.150200611404317
bundle.js:41886 394 91 13.186693564244708
bundle.js:41886 395 91 13.220006340928343
bundle.js:41886 396 91 13.224823651930048
bundle.js:41886 397 91 13.310434358931087
bundle.js:41886 398 92 13.35125971153439
bundle.js:41886 399 92 13.357967870233146
bundle.js:41886 400 92 13.382507906626515
bundle.js:41886 401 92 13.432947046542191
bundle.js:41886 402 91 13.44563525050833
bundle.js:41886 403 92 13.453145573814162
bundle.js:41886 404 92 13.45664678430186
bundle.js:41886 405 92 13.46913018519014
bundle.js:41886 406 93 13.476133186834076
bundle.js:41886 407 94 13.56970013926864
bundle.js:41886 408 95 13.628793145348409
bundle.js:41886 409 95 13.628819071162239
bundle.js:41886 410 94 13.647461832187167
bundle.js:41886 411 95 13.656400349265354
bundle.js:41886 412 94 13.664677291940512
bundle.js:41886 413 94 13.67420483520911
bundle.js:41886 414 93 13.69477161236349
bundle.js:41886 415 94 13.71144329758874
bundle.js:41886 416 93 13.716537026138539
bundle.js:41886 417 93 13.85531406028526
bundle.js:41886 418 92 13.863395297020318
bundle.js:41886 419 92 13.884884885865786
bundle.js:41886 420 93 13.914847254866233
bundle.js:41886 421 93 13.929305593557311
bundle.js:41886 422 93 13.941426551006057
bundle.js:41886 423 94 13.959233029085764
bundle.js:41886 424 95 13.99864167737787
bundle.js:41886 425 94 14.020959049767507
bundle.js:41886 426 93 14.020961318306318
bundle.js:41886 427 92 14.026474869823716
bundle.js:41886 428 92 14.032270921660134
bundle.js:41886 429 92 14.054302850060417
bundle.js:41886 430 93 14.058459663472217
bundle.js:41886 431 93 14.066147953477628
bundle.js:41886 432 92 14.086652123083171
bundle.js:41886 433 91 14.100632493679832
bundle.js:41886 434 91 14.108578282253848
bundle.js:41886 435 91 14.109990200442768
bundle.js:41886 436 91 14.117296538462414
bundle.js:41886 437 90 14.148699643693606
bundle.js:41886 438 90 14.170924529382559
bundle.js:41886 439 89 14.18335458988336
bundle.js:41886 440 89 14.193502323326438
bundle.js:41886 441 90 14.217306090723499
bundle.js:41886 442 89 14.218151709509899
bundle.js:41886 443 89 14.2290163894788
bundle.js:41886 444 89 14.24722630507381
bundle.js:41886 445 89 14.269427458645966
bundle.js:41886 446 89 14.30918142539884
bundle.js:41886 447 89 14.338541019610782
bundle.js:41886 448 89 14.360983534771163
bundle.js:41886 449 89 14.411554289258278
bundle.js:41886 450 90 14.433127735078841
bundle.js:41886 451 91 14.465257701352707
bundle.js:41886 452 90 14.491409683806475
bundle.js:41886 453 91 14.50959851432233
bundle.js:41886 454 92 14.531592491300842
bundle.js:41886 455 93 14.568451258241787
bundle.js:41886 456 92 14.57344131599665
bundle.js:41886 457 91 14.657945071729818
bundle.js:41886 458 91 14.661281599358933
bundle.js:41886 459 92 14.668262709987676
bundle.js:41886 460 92 14.691455640132538
bundle.js:41886 461 92 14.712594025604309
bundle.js:41886 462 91 14.716940068070024
bundle.js:41886 463 92 14.752273161363616
bundle.js:41886 464 91 14.767117925412176
bundle.js:41886 465 91 14.780263513113097
bundle.js:41886 466 91 14.780798381533561
bundle.js:41886 467 92 14.794493109918347
bundle.js:41886 468 92 14.797584625074062
bundle.js:41886 469 92 14.799328038738231
bundle.js:41886 470 91 14.841352282264632
bundle.js:41886 471 92 14.850866386700165
bundle.js:41886 472 91 14.860385525901146
bundle.js:41886 473 91 14.864345433353487
bundle.js:41886 474 91 14.904386217507104
bundle.js:41886 475 91 14.90649868308962
bundle.js:41886 476 91 14.907362656680558
bundle.js:41886 477 92 14.914611957030406
bundle.js:41886 478 92 14.931311760718074
bundle.js:41886 479 92 14.939594133439362
bundle.js:41886 480 92 14.939631662580895
bundle.js:41886 481 92 14.981570655337244
bundle.js:41886 482 92 14.996753014486911
bundle.js:41886 483 93 14.998136758553905
bundle.js:41886 484 92 15.04432164613566
bundle.js:41886 485 91 15.055596916313164
bundle.js:41886 486 92 15.0666888672004
bundle.js:41886 487 92 15.119458606534701
bundle.js:41886 488 92 15.144511855415683
bundle.js:41886 489 92 15.14914357351797
bundle.js:41886 490 91 15.306127004990257
bundle.js:41886 491 91 15.34505243339835
bundle.js:41886 492 91 15.349481265807402
bundle.js:41886 493 90 15.408742164916626
bundle.js:41886 494 90 15.474641404760385
bundle.js:41886 495 91 15.50697257820543
bundle.js:41886 496 90 15.57526271919207
bundle.js:41886 497 90 15.623842754930806
bundle.js:41886 498 89 15.634512958620485
bundle.js:41886 499 88 15.640988987696819
bundle.js:41886 500 88 15.686794763925494
bundle.js:41886 501 89 15.709085488005663
bundle.js:41886 502 88 15.713086735701028
bundle.js:41886 503 89 15.718143417687934
bundle.js:41886 504 90 15.748837211775697
bundle.js:41886 505 90 15.819812848354555
bundle.js:41886 506 89 15.866837603865157
bundle.js:41886 507 89 15.90703068378679
bundle.js:41886 508 90 15.93528945820026
bundle.js:41886 509 90 15.942477397740545
bundle.js:41886 510 89 15.943594001833832
bundle.js:41886 511 88 15.965221539269967
bundle.js:41886 512 89 16.011609893666396
bundle.js:41886 513 88 16.022334940917386
bundle.js:41886 514 87 16.031377094788013
bundle.js:41886 515 87 16.054980508302673
bundle.js:41886 516 86 16.109191698134374
bundle.js:41886 517 85 16.114255354595244
bundle.js:41886 518 84 16.128000107238883
bundle.js:41886 519 83 16.14503759809062
bundle.js:41886 520 83 16.173985976753233
bundle.js:41886 521 82 16.221838109155144
bundle.js:41886 522 81 16.23380871558911
bundle.js:41886 523 81 16.23921332599657
bundle.js:41886 524 81 16.242053195387182
bundle.js:41886 525 81 16.34419877499849
bundle.js:41886 526 82 16.38882015371567
bundle.js:41886 527 81 16.394716550115486
bundle.js:41886 528 81 16.406793126772698
bundle.js:41886 529 81 16.533614063450965
bundle.js:41886 530 81 16.549504497278996
bundle.js:41886 531 81 16.588310375146634
bundle.js:41886 532 80 16.63702647505312
bundle.js:41886 533 79 16.676431874103447
bundle.js:41886 534 79 16.84134321594944
bundle.js:41886 535 79 16.943998319836975
bundle.js:41886 536 79 16.97267638940902
bundle.js:41886 537 79 17.010499307029445
bundle.js:41886 538 78 17.055979937728612
bundle.js:41886 539 78 17.085993651235988
bundle.js:41886 540 77 17.09909947219578
bundle.js:41886 541 76 17.105623264271433
bundle.js:41886 542 76 17.11616803243412
bundle.js:41886 543 75 17.12984833067746
bundle.js:41886 544 75 17.136793863831855
bundle.js:41886 545 75 17.16039161399271
bundle.js:41886 546 74 17.305887117256937
bundle.js:41886 547 74 17.377622638052518
bundle.js:41886 548 73 17.41483152409218
bundle.js:41886 549 72 17.43484192880802
bundle.js:41886 550 71 17.43816061393137
bundle.js:41886 551 71 17.455015965839994
bundle.js:41886 552 71 17.536553104578044
bundle.js:41886 553 70 17.593894334863762
bundle.js:41886 554 70 17.603041149733016
bundle.js:41886 555 71 17.642055648700303
bundle.js:41886 556 70 17.65088705614104
bundle.js:41886 557 70 17.66641581803157
bundle.js:41886 558 70 17.704030533794295
bundle.js:41886 559 69 17.74847889377093
bundle.js:41886 560 68 17.76501572343582
bundle.js:41886 561 68 17.824162101764458
bundle.js:41886 562 68 17.851644380110283
bundle.js:41886 563 67 17.85650513285718
bundle.js:41886 564 68 17.883893416547803
bundle.js:41886 565 68 17.905059222678528
bundle.js:41886 566 68 17.905523808506135
bundle.js:41886 567 68 17.911081196402627
bundle.js:41886 568 68 17.914892040874165
bundle.js:41886 569 67 17.928288357054132
bundle.js:41886 570 66 17.949296724228947
bundle.js:41886 571 66 18.044382628161447
bundle.js:41886 572 66 18.097080970861125
bundle.js:41886 573 65 18.112788102667757
bundle.js:41886 574 65 18.28372939885556
bundle.js:41886 575 66 18.291578773675987
bundle.js:41886 576 66 18.30968034765297
bundle.js:41886 577 65 18.319170185624454
bundle.js:41886 578 66 18.354964184440067
bundle.js:41886 579 67 18.379098000770835
bundle.js:41886 580 66 18.536531696812027
bundle.js:41886 581 65 18.537405664504007
bundle.js:41886 582 65 18.565781792712293
bundle.js:41886 583 65 18.578224660736804
bundle.js:41886 584 64 18.60806178870535
bundle.js:41886 585 63 18.649794520351936
bundle.js:41886 586 62 18.658219478688107
bundle.js:41886 587 61 18.744426337381164
bundle.js:41886 588 60 18.766282318555522
bundle.js:41886 589 59 18.806123301926284
bundle.js:41886 590 58 18.831372283876455
bundle.js:41886 591 57 18.91998146345655
bundle.js:41886 592 58 19.02142630706783
bundle.js:41886 593 58 19.064442858721563
bundle.js:41886 594 58 19.074709187249457
bundle.js:41886 595 57 19.103797923582068
bundle.js:41886 596 56 19.103935695844953
bundle.js:41886 597 57 19.238017246935772
bundle.js:41886 598 57 19.267363552663607
bundle.js:41886 599 57 19.283458548910744
bundle.js:41886 600 58 19.33649894676036
bundle.js:41886 601 58 19.398385108612924
bundle.js:41886 602 59 19.422695347690325
bundle.js:41886 603 58 19.4426929989969
bundle.js:41886 604 58 19.665229615440353
bundle.js:41886 605 58 19.682931974316535
bundle.js:41886 606 58 19.707102143343718
bundle.js:41886 607 58 19.723094275413256
bundle.js:41886 608 57 19.75575735928642
bundle.js:41886 609 56 19.75649775521498
bundle.js:41886 610 57 19.768470536645214
bundle.js:41886 611 57 19.7921522421054
bundle.js:41886 612 57 19.860934227592757
bundle.js:41886 613 57 19.894696822042135
bundle.js:41886 614 57 19.898473515502246
bundle.js:41886 615 56 19.908220725924426
bundle.js:41886 616 57 19.94100702426224
bundle.js:41886 617 58 19.96260927004352
bundle.js:41886 618 57 19.99314121982318
bundle.js:41886 619 57 20.020633687249713
bundle.js:41886 620 56 20.025140175017707
bundle.js:41886 621 57 20.083541945633524
bundle.js:41886 622 57 20.198828364029588
bundle.js:41886 623 56 20.235353782193872
bundle.js:41886 624 55 20.29435676871818
bundle.js:41886 625 56 20.30299647320336
bundle.js:41886 626 55 20.31884656077706
bundle.js:41886 627 55 20.453039111966902
bundle.js:41886 628 55 20.539562848355413
bundle.js:41886 629 56 20.541801563805528
bundle.js:41886 630 56 20.54761606401392
bundle.js:41886 631 57 20.653737002412726
bundle.js:41886 632 57 20.688968405713656
bundle.js:41886 633 57 20.733561350491204
bundle.js:41886 634 57 20.735209485193963
bundle.js:41886 635 57 20.76615042288418
bundle.js:41886 636 57 20.816232027330834
bundle.js:41886 637 57 20.833315529895668
bundle.js:41886 638 56 20.87354093949108
bundle.js:41886 639 56 20.9636307268368
bundle.js:41886 640 56 20.996937546675223
bundle.js:41886 641 56 21.00111097314364
bundle.js:41886 642 56 21.122444851802932
bundle.js:41886 643 55 21.21963712967971
bundle.js:41886 644 55 21.343103012530925
bundle.js:41886 645 54 21.36146282150872
bundle.js:41886 646 54 21.44611146744766
bundle.js:41886 647 54 21.546985068869
bundle.js:41886 648 53 21.588185414039994
bundle.js:41886 649 53 21.599504134461824
bundle.js:41886 650 54 21.664155382412332
bundle.js:41886 651 53 21.71245434123831
bundle.js:41886 652 53 21.731347494108025
bundle.js:41886 653 52 21.960746862440075
bundle.js:41886 654 52 21.970490817081046
bundle.js:41886 655 51 21.973168630110134
bundle.js:41886 656 51 22.003132119920295
bundle.js:41886 657 50 22.04355834419219
bundle.js:41886 658 51 22.08264925691012
bundle.js:41886 659 52 22.104597034653057
bundle.js:41886 660 52 22.171810371978324
bundle.js:41886 661 52 22.173205596684426
bundle.js:41886 662 51 22.23362761439589
bundle.js:41886 663 51 22.29916838112058
bundle.js:41886 664 51 22.310318392026858
bundle.js:41886 665 51 22.36872543998412
bundle.js:41886 666 51 22.39651162542916
bundle.js:41886 667 51 22.401999659474765
bundle.js:41886 668 51 22.442676361892637
bundle.js:41886 669 50 22.58156810798059
bundle.js:41886 670 50 22.606176597141957
bundle.js:41886 671 50 22.64080915039756
bundle.js:41886 672 50 22.645425684900662
bundle.js:41886 673 50 22.820292029672228
bundle.js:41886 674 49 22.868629415717095
bundle.js:41886 675 49 22.91949784001857
bundle.js:41886 676 48 23.00554082642011
bundle.js:41886 677 48 23.060409888547834
bundle.js:41886 678 48 23.094549293293024
bundle.js:41886 679 48 23.15182994703986
bundle.js:41886 680 48 23.19661027845506
bundle.js:41886 681 47 23.213379328324496
bundle.js:41886 682 46 23.216103770255618
bundle.js:41886 683 45 23.248382314276967
bundle.js:41886 684 46 23.268415417723542
bundle.js:41886 685 46 23.313715835962515
bundle.js:41886 686 46 23.322944026328454
bundle.js:41886 687 47 23.361519885536122
bundle.js:41886 688 48 23.39586078886656
bundle.js:41886 689 49 23.438392269579616
bundle.js:41886 690 49 23.440714566285994
bundle.js:41886 691 48 23.482405854660552
bundle.js:41886 692 48 23.515309713120942
bundle.js:41886 693 49 23.6737144116073
bundle.js:41886 694 49 23.72309891391392
bundle.js:41886 695 50 23.75663972194337
bundle.js:41886 696 49 23.759092876567554
bundle.js:41886 697 49 23.7709354500387
bundle.js:41886 698 49 23.808773636324155
bundle.js:41886 699 48 23.84608324042855
bundle.js:41886 700 48 23.868211501115788
bundle.js:41886 701 47 23.87267934848522
bundle.js:41886 702 48 23.91649566640627
bundle.js:41886 703 48 23.931921423716673
bundle.js:41886 704 48 23.932986677347017
bundle.js:41886 705 48 23.94644223786217
bundle.js:41886 706 47 24.018282114027325
bundle.js:41886 707 47 24.03275525675962
bundle.js:41886 708 48 24.03978178443158
bundle.js:41886 709 49 24.06159538640066
bundle.js:41886 710 50 24.117559238936487
bundle.js:41886 711 51 24.23521463666115
bundle.js:41886 712 50 24.39035118135097
bundle.js:41886 713 51 24.41226640343606
bundle.js:41886 714 51 24.43384654648873
bundle.js:41886 715 50 24.465692793929588
bundle.js:41886 716 49 24.53282682409896
bundle.js:41886 717 49 24.772159241195748
bundle.js:41886 718 48 24.77284788580152
bundle.js:41886 719 48 24.823375593140128
bundle.js:41886 720 49 24.83320086590451
bundle.js:41886 721 50 24.83567765165417
bundle.js:41886 722 49 24.906550547692678
bundle.js:41886 723 49 25.028499899810328
bundle.js:41886 724 48 25.0645754669122
bundle.js:41886 725 48 25.070734273591672
bundle.js:41886 726 48 25.080545778513756
bundle.js:41886 727 48 25.103259966409897
bundle.js:41886 728 48 25.205403966809588
bundle.js:41886 729 48 25.223244337862806
bundle.js:41886 730 47 25.245629781181265
bundle.js:41886 731 47 25.26023029530507
bundle.js:41886 732 48 25.31249146019262
bundle.js:41886 733 48 25.314295133904892
bundle.js:41886 734 48 25.322588989611557
bundle.js:41886 735 49 25.355129840591726
bundle.js:41886 736 50 25.363241125797
bundle.js:41886 737 51 25.39379637983392
bundle.js:41886 738 51 25.4141120238269
bundle.js:41886 739 52 25.43570539093924
bundle.js:41886 740 52 25.557765012736613
bundle.js:41886 741 52 25.678407022640872
bundle.js:41886 742 51 25.74567732614626
bundle.js:41886 743 51 25.76560469898974
bundle.js:41886 744 51 25.8310303098818
bundle.js:41886 745 52 25.868137354750576
bundle.js:41886 746 52 25.995273003284375
bundle.js:41886 747 51 26.0864561095761
bundle.js:41886 748 50 26.10207178383883
bundle.js:41886 749 50 26.106369760849233
bundle.js:41886 750 50 26.12931319580682
bundle.js:41886 751 50 26.163426582330747
bundle.js:41886 752 49 26.164452931467594
bundle.js:41886 753 50 26.167504891061245
bundle.js:41886 754 50 26.204642228352796
bundle.js:41886 755 50 26.23368501937973
bundle.js:41886 756 51 26.25189345116444
bundle.js:41886 757 50 26.28932123437907
bundle.js:41886 758 49 26.341909892645155
bundle.js:41886 759 49 26.433910504207848
bundle.js:41886 760 48 26.51725851939244
bundle.js:41886 761 49 26.54210499847003
bundle.js:41886 762 49 26.621085932449805
bundle.js:41886 763 50 26.63658086395281
bundle.js:41886 764 50 26.69087768197724
bundle.js:41886 765 50 26.705468892167893
bundle.js:41886 766 49 26.730689666681815
bundle.js:41886 767 50 26.741307769163953
bundle.js:41886 768 50 26.74912980519756
bundle.js:41886 769 50 26.75788909492831
bundle.js:41886 770 49 26.79721826222216
bundle.js:41886 771 49 26.797549206173336
bundle.js:41886 772 49 26.812428442230885
bundle.js:41886 773 50 26.86379773287115
bundle.js:41886 774 49 26.895233368693138
bundle.js:41886 775 49 26.92785368169528
bundle.js:41886 776 49 27.03742189442728
bundle.js:41886 777 49 27.051755416385195
bundle.js:41886 778 50 27.064018530829564
bundle.js:41886 779 50 27.109308027090425
bundle.js:41886 780 51 27.113891232344255
bundle.js:41886 781 52 27.220625617561446
bundle.js:41886 782 52 27.249428735927822
bundle.js:41886 783 52 27.257911860538815
bundle.js:41886 784 52 27.271167049181674
bundle.js:41886 785 53 27.318481203811018
bundle.js:41886 786 52 27.34538138789691
bundle.js:41886 787 51 27.460110716495155
bundle.js:41886 788 51 27.501611696555543
bundle.js:41886 789 51 27.535639180743964
bundle.js:41886 790 52 27.548624226204343
bundle.js:41886 791 51 27.577651761058235
bundle.js:41886 792 52 27.583595214434656
bundle.js:41886 793 52 27.621025700155297
bundle.js:41886 794 51 27.624149625873113
bundle.js:41886 795 51 27.63790146759979
bundle.js:41886 796 50 27.69146708585085
bundle.js:41886 797 51 27.691798558323377
bundle.js:41886 798 50 27.80877319003148
bundle.js:41886 799 49 27.827337038281257
bundle.js:41886 800 49 27.86365054206388
bundle.js:41886 801 49 27.974604361725568
bundle.js:41886 802 48 27.994705809849062
bundle.js:41886 803 47 28.06592783401747
bundle.js:41886 804 47 28.203382426725607
bundle.js:41886 805 47 28.214106132904238
bundle.js:41886 806 47 28.23692334195314
bundle.js:41886 807 46 28.258662034404203
bundle.js:41886 808 47 28.426228433995316
bundle.js:41886 809 47 28.4511956937141
bundle.js:41886 810 46 28.481121503678168
bundle.js:41886 811 46 28.509758700412114
bundle.js:41886 812 46 28.517029587285794
bundle.js:41886 813 46 28.56777858529806
bundle.js:41886 814 46 28.59675382117009
bundle.js:41886 815 47 28.59986936086093
bundle.js:41886 816 47 28.671798959726107
bundle.js:41886 817 47 28.694481592514997
bundle.js:41886 818 46 28.755276599006148
bundle.js:41886 819 47 28.81588710272424
bundle.js:41886 820 46 28.873564942264707
bundle.js:41886 821 47 28.934815857547292
bundle.js:41886 822 47 28.94289587356682
bundle.js:41886 823 47 28.960758372248105
bundle.js:41886 824 48 28.97494597875133
bundle.js:41886 825 48 29.015022398245456
bundle.js:41886 826 49 29.14592159282019
bundle.js:41886 827 49 29.228310778681884
bundle.js:41886 828 49 29.234564468776764
bundle.js:41886 829 48 29.36394636573814
bundle.js:41886 830 47 29.441340637807684
bundle.js:41886 831 46 29.466346231772718
bundle.js:41886 832 47 29.466872755804157
bundle.js:41886 833 47 29.53442311113566
bundle.js:41886 834 46 29.629840176577517
bundle.js:41886 835 46 29.638047166587146
bundle.js:41886 836 47 29.663498134625975
bundle.js:41886 837 46 29.673305083980477
bundle.js:41886 838 47 29.682471555654736
bundle.js:41886 839 48 29.687760419154696
bundle.js:41886 840 47 29.72283208585284
bundle.js:41886 841 48 29.805585254912454
bundle.js:41886 842 47 29.812553008223972
bundle.js:41886 843 47 29.860260248119793
bundle.js:41886 844 48 29.863473064493103
bundle.js:41886 845 48 29.885945815244092
bundle.js:41886 846 48 30.00524992937697
bundle.js:41886 847 49 30.006289936532266
bundle.js:41886 848 48 30.024370794250537
bundle.js:41886 849 47 30.034738620574718
bundle.js:41886 850 47 30.049471872771054
bundle.js:41886 851 47 30.058457199899653
bundle.js:41886 852 47 30.076864679383338
bundle.js:41886 853 46 30.09986410965783
bundle.js:41886 854 47 30.162171337851348
bundle.js:41886 855 48 30.174309767163752
bundle.js:41886 856 47 30.17597202854672
bundle.js:41886 857 47 30.20665364052836
bundle.js:41886 858 48 30.21189813852439
bundle.js:41886 859 49 30.247098359942765
bundle.js:41886 860 49 30.27746364219289
bundle.js:41886 861 50 30.300198431215343
bundle.js:41886 862 50 30.309093512273435
bundle.js:41886 863 50 30.328212717116468
bundle.js:41886 864 50 30.40569329337224
bundle.js:41886 865 49 30.406447717190325
bundle.js:41886 866 49 30.49453523832616
bundle.js:41886 867 50 30.49589855992546
bundle.js:41886 868 51 30.63571938708587
bundle.js:41886 869 52 30.647924929189013
bundle.js:41886 870 53 30.672604526753858
bundle.js:41886 871 53 30.845112613373544
bundle.js:41886 872 53 30.846010430311736
bundle.js:41886 873 53 30.879600334898615
bundle.js:41886 874 54 30.93771429313578
bundle.js:41886 875 55 30.993183932226344
bundle.js:41886 876 54 31.033722937077258
bundle.js:41886 877 54 31.05061025586383
bundle.js:41886 878 54 31.05873133463849
bundle.js:41886 879 54 31.111171591014745
bundle.js:41886 880 53 31.119459662256816
bundle.js:41886 881 53 31.134484689746692
bundle.js:41886 882 52 31.148095628205564
bundle.js:41886 883 52 31.17593003229506
bundle.js:41886 884 52 31.25551226910053
bundle.js:41886 885 52 31.263470388160453
bundle.js:41886 886 51 31.294339049985354
bundle.js:41886 887 51 31.33758024103814
bundle.js:41886 888 51 31.390388724068064
bundle.js:41886 889 50 31.4555402775367
bundle.js:41886 890 51 31.570451585423836
bundle.js:41886 891 50 31.58498424285234
bundle.js:41886 892 50 31.59388003332184
bundle.js:41886 893 49 31.599137784508017
bundle.js:41886 894 49 31.61960140454663
bundle.js:41886 895 49 31.63492651246069
bundle.js:41886 896 50 31.64446276937625
bundle.js:41886 897 50 31.648812726904083
bundle.js:41886 898 51 31.6775877298538
bundle.js:41886 899 52 31.697464976813293
bundle.js:41886 900 52 31.766283696067074
bundle.js:41886 901 52 31.79882787837847
bundle.js:41886 902 52 31.90496979600171
bundle.js:41886 903 53 31.93468667237973
bundle.js:41886 904 52 32.06195485911361
bundle.js:41886 905 51 32.06272222445811
bundle.js:41886 906 51 32.122084760204814
bundle.js:41886 907 50 32.12492212894616
bundle.js:41886 908 51 32.14750827516494
bundle.js:41886 909 50 32.162836434589046
bundle.js:41886 910 51 32.17303954847713
bundle.js:41886 911 51 32.24269774921101
bundle.js:41886 912 50 32.2724387984352
bundle.js:41886 913 49 32.30558884031686
bundle.js:41886 914 48 32.32295052380289
bundle.js:41886 915 49 32.33536450147431
bundle.js:41886 916 49 32.38081412508446
bundle.js:41886 917 49 32.3843912057978
bundle.js:41886 918 49 32.41507892113824
bundle.js:41886 919 48 32.47765313603549
bundle.js:41886 920 47 32.54651427762461
bundle.js:41886 921 47 32.57781686769421
bundle.js:41886 922 46 32.57987755644522
bundle.js:41886 923 46 32.60625372732972
bundle.js:41886 924 47 32.70054523132687
bundle.js:41886 925 48 32.71660020040231
bundle.js:41886 926 48 32.77864504422019
bundle.js:41886 927 47 32.867700751961145
bundle.js:41886 928 48 32.8717842314869
bundle.js:41886 929 48 32.874640794500735
bundle.js:41886 930 47 32.93059546575966
bundle.js:41886 931 46 32.93706106935391
bundle.js:41886 932 46 32.96224398855205
bundle.js:41886 933 46 33.01537313208264
bundle.js:41886 934 46 33.063935960186924
bundle.js:41886 935 47 33.12756471562472
bundle.js:41886 936 48 33.127942993368634
bundle.js:41886 937 48 33.12995255362926
bundle.js:41886 938 49 33.14599662470376
bundle.js:41886 939 49 33.15729042977088
bundle.js:41886 940 49 33.18654766210939
bundle.js:41886 941 50 33.18749409778282
bundle.js:41886 942 50 33.189266452931484
bundle.js:41886 943 51 33.19803297577406
bundle.js:41886 944 52 33.220429032925864
bundle.js:41886 945 52 33.22674596700019
bundle.js:41886 946 52 33.239515910039835
bundle.js:41886 947 53 33.264489091386565
bundle.js:41886 948 54 33.31803913883352
bundle.js:41886 949 54 33.32646757115229
bundle.js:41886 950 54 33.42482929528425
bundle.js:41886 951 54 33.4283274989011
bundle.js:41886 952 54 33.43236793703145
bundle.js:41886 953 55 33.63468490493859
bundle.js:41886 954 54 33.79415154351556
bundle.js:41886 955 54 33.79912975499286
bundle.js:41886 956 55 33.80794000452398
bundle.js:41886 957 55 33.873351622100124
bundle.js:41886 958 55 33.93315474598947
bundle.js:41886 959 55 33.95612814708934
bundle.js:41886 960 55 33.9747620460391
bundle.js:41886 961 54 34.03763504128288
bundle.js:41886 962 54 34.03902345400108
bundle.js:41886 963 54 34.05192474587756
bundle.js:41886 964 54 34.07807041171347
bundle.js:41886 965 55 34.09995045956828
bundle.js:41886 966 54 34.187074614985036
bundle.js:41886 967 54 34.19399164165778
bundle.js:41886 968 54 34.195413581017725
bundle.js:41886 969 55 34.19802887231508
bundle.js:41886 970 54 34.21513837574837
bundle.js:41886 971 53 34.2824326582079
bundle.js:41886 972 52 34.29477481777112
bundle.js:41886 973 52 34.30366162814266
bundle.js:41886 974 52 34.329508533786054
bundle.js:41886 975 52 34.37247033625682
bundle.js:41886 976 53 34.38573207226527
bundle.js:41886 977 53 34.45307051926843
bundle.js:41886 978 53 34.45337481122891
bundle.js:41886 979 54 34.4564114001359
bundle.js:41886 980 53 34.52741628055828
bundle.js:41886 981 54 34.58652524950459
bundle.js:41886 982 54 34.61018254418596
bundle.js:41886 983 53 34.79864527671439
bundle.js:41886 984 53 34.80214120422004
bundle.js:41886 985 54 34.88170561780651
bundle.js:41886 986 55 34.95043507784558
bundle.js:41886 987 54 34.97099330635446
bundle.js:41886 988 54 34.997869525775
bundle.js:41886 989 53 35.04152066921304
bundle.js:41886 990 53 35.047773850499254
bundle.js:41886 991 53 35.078726771753665
bundle.js:41886 992 53 35.080768974517056
bundle.js:41886 993 53 35.13138712529049
bundle.js:41886 994 53 35.16077374713566
bundle.js:41886 995 54 35.17062409388925
bundle.js:41886 996 54 35.17349832960088
bundle.js:41886 997 54 35.195010130606896
bundle.js:41886 998 55 35.20141637092397
bundle.js:41886 999 55 35.335468816743635